50000 0.007623
100000 0.019116
150000 0.034328
200000 0.044928
250000 0.044319
300000 0.059464
350000 0.090424
400000 0.102226
450000 0.088762
500000 0.091950
550000 0.101294
600000 0.114303
650000 0.122008
700000 0.159182
750000 0.144383
800000 0.152264
850000 0.168033
900000 0.171981
950000 0.187658
1000000 0.194528
50000 0.007938
100000 0.019257
150000 0.033670
200000 0.036149
250000 0.043940
300000 0.053394
350000 0.061011
400000 0.072251
450000 0.083253
500000 0.099096
550000 0.122432
600000 0.117033
650000 0.123738
700000 0.131709
750000 0.145117
800000 0.151557
850000 0.165143
900000 0.177677
950000 0.182297
1000000 0.198825
